YYYY,MM,DD,DATE,CO2(ppm),SD(ppm),GR(ppm/yr),Source
1976,5,15,1976.3689,328.861,0.165,NaN,in situ
1976,6,15,1976.4536,328.988,0.285,NaN,in situ
1976,7,15,1976.5355,329.653,0.282,NaN,in situ
1976,8,15,1976.6202,330.55,0.201,NaN,in situ
1976,9,15,1976.7049,330.872,0.234,NaN,in situ
1976,10,15,1976.7869,330.899,0.015,NaN,in situ
1976,11,15,1976.8716,330.883,0.243,2.146,in situ
1976,12,15,1976.9536,330.677,0.187,2.51199,in situ
1977,1,15,1977.0384,330.529,0.235,2.14697,in situ
1977,2,15,1977.1233,330.543,0.198,1.77701,in situ
1977,3,15,1977.2,330.724,0.119,2.06799,in situ
1977,4,15,1977.2849,330.805,0.178,2.13501,in situ
1977,5,15,1977.3671,331.007,0.132,1.89502,in situ
1977,6,15,1977.4521,331.5,0.203,1.70001,in situ
1977,7,15,1977.5342,331.8,0.206,1.565,in situ
1977,8,15,1977.6192,332.327,0.216,1.63199,in situ
1977,9,15,1977.7041,332.94,0.113,1.67401,in situ
1977,10,15,1977.7863,333.034,0.199,1.66901,in situ
1977,11,15,1977.8712,332.778,0.226,1.63901,in situ
1977,12,15,1977.9534,332.377,0.259,1.51501,in situ
1978,1,15,1978.0384,332.094,0.201,1.517,in situ
1978,2,15,1978.1233,332.175,0.245,1.599,in situ
1978,3,15,1978.2,332.398,0.198,2.03699,in situ
1978,4,15,1978.2849,332.474,0.201,2.29901,in situ
1978,5,15,1978.3671,332.646,0.2,2.04797,in situ
1978,6,15,1978.4521,333.015,0.102,2.15399,in situ
1978,7,15,1978.5342,333.317,0.236,2.40399,in situ
1978,8,15,1978.6192,333.926,0.363,2.41,in situ
1978,9,15,1978.7041,334.977,0.387,2.36499,in situ
1978,10,15,1978.7863,335.333,0.203,2.229,in situ
1978,11,15,1978.8712,334.826,0.203,1.98001,in situ
1978,12,15,1978.9534,334.531,0.197,1.87399,in situ
1979,1,15,1979.0384,334.498,0.211,2.13501,in situ
1979,2,15,1979.1233,334.585,0.21,2.01001,in situ
1979,3,15,1979.2,334.763,0.198,1.004,in situ
1979,4,15,1979.2849,334.703,0.217,0.645996,in situ
1979,5,15,1979.3671,334.626,0.177,1.14502,in situ
1979,6,15,1979.4521,334.889,0.197,1.202,in situ
1979,7,15,1979.5342,335.452,0.265,1.18002,in situ
1979,8,15,1979.6192,335.936,0.172,1.19302,in situ
1979,9,15,1979.7041,335.981,0.213,1.13501,in situ
1979,10,15,1979.7863,335.979,0.024,1.354,in situ
1979,11,15,1979.8712,335.971,0.215,1.55899,in situ
1979,12,15,1979.9534,335.733,0.242,1.64301,in situ
1980,1,15,1980.0383,335.678,0.204,1.478,in situ
1980,2,15,1980.123,335.778,0.188,1.16,in situ
1980,3,15,1980.2022,335.898,0.179,1.20901,in situ
1980,4,15,1980.2869,336.057,0.179,1.13699,in situ
1980,5,15,1980.3689,336.185,0.201,0.96698,in situ
1980,6,15,1980.4536,336.532,0.229,1.18298,in situ
1980,7,15,1980.5355,336.93,0.222,1.41098,in situ
1980,8,15,1980.6202,337.096,0.17,1.452,in situ
1980,9,15,1980.7049,337.19,0.215,1.328,in situ
1980,10,15,1980.7869,337.116,0.201,1.117,in situ
1980,11,15,1980.8716,336.938,0.237,1.16101,in situ
1980,12,15,1980.9536,336.916,0.232,1.05499,in situ
1981,1,15,1981.0384,337.089,0.183,0.902008,in situ
1981,2,15,1981.1233,337.23,0.227,0.996979,in situ
1981,3,15,1981.2,337.226,0.128,0.975006,in situ
1981,4,15,1981.2849,337.174,0.17,0.955994,in situ
1981,5,15,1981.3671,337.346,0.178,1.06201,in situ
1981,6,15,1981.4521,337.587,0.17,0.85202,in situ
1981,7,15,1981.5342,337.832,0.086,0.21701,in situ
1981,8,15,1981.6192,338.093,0.204,-0.102997,in situ
1981,9,15,1981.7041,338.165,0.21,0.0479736,in situ
1981,10,15,1981.7863,338.072,0.229,0.523987,in situ
1981,11,15,1981.8712,338,0.235,0.686005,in situ
1981,12,15,1981.9534,337.768,0.127,0.598999,in situ
1982,1,15,1982.0384,337.306,0.193,0.718994,in situ
1982,2,15,1982.1233,337.127,0.179,0.805023,in situ
1982,3,15,1982.2,337.274,0.29,0.656982,in situ
1982,4,15,1982.2849,337.698,0.241,0.562012,in situ
1982,5,15,1982.3671,338.032,0.187,0.557007,in situ
1982,6,15,1982.4521,338.186,0.153,0.559998,in situ
1982,7,15,1982.5342,338.551,0.186,1.00101,in situ
1982,8,15,1982.6192,338.898,0.153,1.29999,in situ
1982,9,15,1982.7041,338.822,0.213,1.24503,in situ
1982,10,15,1982.7863,338.634,0.195,1.41699,in situ
1982,11,15,1982.8712,338.557,0.163,1.5,in situ
1982,12,15,1982.9534,338.328,0.171,1.41501,in situ
1983,1,15,1983.0384,338.307,0.17,1.78702,in situ
1983,2,15,1983.1233,338.427,0.184,2.306,in situ
1983,3,15,1983.2,338.519,0.186,2.53201,in situ
1983,4,15,1983.2849,339.115,0.241,2.62299,in situ
1983,5,15,1983.3671,339.532,0.141,2.73898,in situ
1983,6,15,1983.4521,339.601,0.156,2.979,in situ
1983,7,15,1983.5342,340.338,0.446,2.966,in situ
1983,8,15,1983.6192,341.204,0.237,2.84399,in situ
1983,9,15,1983.7041,341.354,0.163,2.72299,in situ
1983,10,15,1983.7863,341.257,0.18,2.117,in situ
1983,11,15,1983.8712,341.296,0.155,1.858,in situ
1983,12,15,1983.9534,341.307,0.111,2.01898,in situ
1984,1,15,1984.0383,341.273,0.11,1.59698,in situ
1984,2,15,1984.123,341.271,0.122,1.155,in situ
1984,3,15,1984.2022,341.242,0.114,1.15399,in situ
1984,4,15,1984.2869,341.232,0.138,1.215,in situ
1984,5,15,1984.3689,341.39,0.129,1.13,in situ
1984,6,15,1984.4536,341.62,0.163,1.035,in situ
1984,7,15,1984.5355,341.935,0.166,1.056,in situ
1984,8,15,1984.6202,342.359,0.158,1.01801,in situ
1984,9,15,1984.7049,342.508,0.145,1.077,in situ
1984,10,15,1984.7869,342.472,0.173,1.25601,in situ
1984,11,15,1984.8716,342.426,0.171,1.37799,in situ
1984,12,15,1984.9536,342.342,0.154,1.539,in situ
1985,1,15,1985.0384,342.329,0.142,1.72101,in situ
1985,2,15,1985.1233,342.289,0.101,1.70999,in situ
1985,3,15,1985.2,342.319,0.124,1.689,in situ
1985,4,15,1985.2849,342.488,0.145,1.72302,in situ
1985,5,15,1985.3671,342.768,0.153,1.51901,in situ
1985,6,15,1985.4521,343.159,0.177,1.36798,in situ
1985,7,15,1985.5342,343.656,0.195,1.38599,in situ
1985,8,15,1985.6192,344.069,0.151,1.452,in situ
1985,9,15,1985.7041,344.197,0.149,1.44601,in situ
1985,10,15,1985.7863,344.195,0.184,1.29599,in situ
1985,11,15,1985.8712,343.945,0.211,1.14899,in situ
1985,12,15,1985.9534,343.71,0.175,1.077,in situ
1986,1,15,1986.0384,343.715,0.157,1.02899,in situ
1986,2,15,1986.1233,343.741,0.098,0.988007,in situ
1986,3,15,1986.2,343.765,0.115,1.04001,in situ
1986,4,15,1986.2849,343.784,0.143,1.112,in situ
1986,5,15,1986.3671,343.917,0.166,1.25998,in situ
1986,6,15,1986.4521,344.236,0.188,1.245,in situ
1986,7,15,1986.5342,344.685,0.199,1.00201,in situ
1986,8,15,1986.6192,345.057,0.161,0.960999,in situ
1986,9,15,1986.7041,345.237,0.16,1.09299,in situ
1986,10,15,1986.7863,345.307,0.125,1.26901,in situ
1986,11,15,1986.8712,345.205,0.184,1.52499,in situ
1986,12,15,1986.9534,344.955,0.167,1.76901,in situ
1987,1,15,1987.0384,344.717,0.151,1.78699,in situ
1987,2,15,1987.1233,344.702,0.098,1.90799,in situ
1987,3,15,1987.2,344.858,0.133,2.01999,in situ
1987,4,15,1987.2849,345.053,0.135,1.996,in situ
1987,5,15,1987.3671,345.442,0.188,2.20102,in situ
1987,6,15,1987.4521,346.005,0.215,2.45001,in situ
1987,7,15,1987.5342,346.472,0.164,2.63998,in situ
1987,8,15,1987.6192,346.965,0.21,2.66602,in situ
1987,9,15,1987.7041,347.257,0.17,2.57001,in situ
1987,10,15,1987.7863,347.303,0.175,2.55399,in situ
1987,11,15,1987.8712,347.406,0.101,2.37003,in situ
1987,12,15,1987.9534,347.405,0.137,2.24701,in situ
1988,1,15,1988.0383,347.357,0.16,2.44,in situ
1988,2,15,1988.123,347.368,0.163,2.19101,in situ
1988,3,15,1988.2022,347.428,0.116,1.79401,in situ
1988,4,15,1988.2869,347.607,0.186,1.64499,in situ
1988,5,15,1988.3689,347.812,0.147,1.466,in situ
1988,6,15,1988.4536,348.252,0.256,1.427,in situ
1988,7,15,1988.5355,348.912,0.216,1.36002,in situ
1988,8,15,1988.6202,349.156,0.142,1.388,in situ
1988,9,15,1988.7049,349.051,0.097,1.548,in situ
1988,10,15,1988.7869,348.948,0.139,1.44901,in situ
1988,11,15,1988.8716,348.872,0.126,1.25299,in situ
1988,12,15,1988.9536,348.832,0.146,1.04498,in situ
1989,1,15,1989.0384,348.717,0.122,0.77002,in situ
1989,2,15,1989.1233,348.756,0.152,0.890991,in situ
1989,3,15,1989.2,348.976,0.154,1.17099,in situ
1989,4,15,1989.2849,349.056,0.085,1.19901,in situ
1989,5,15,1989.3671,349.065,0.122,1.19998,in situ
1989,6,15,1989.4521,349.297,0.2,1.134,in situ
1989,7,15,1989.5342,349.682,0.133,1.13199,in situ
1989,8,15,1989.6192,350.047,0.156,1.138,in situ
1989,9,15,1989.7041,350.222,0.115,1.07898,in situ
1989,10,15,1989.7863,350.147,0.173,1.29401,in situ
1989,11,15,1989.8712,350.072,0.111,1.547,in situ
1989,12,15,1989.9534,349.966,0.13,1.595,in situ
1990,1,15,1990.0384,349.849,0.128,1.69199,in situ
1990,2,15,1990.1233,349.894,0.104,1.689,in situ
1990,3,15,1990.2,350.055,0.142,1.55103,in situ
1990,4,15,1990.2849,350.35,0.166,1.63699,in situ
1990,5,15,1990.3671,350.612,0.234,1.73602,in situ
1990,6,15,1990.4521,350.892,0.169,1.64801,in situ
1990,7,15,1990.5342,351.374,0.179,1.60501,in situ
1990,8,15,1990.6192,351.736,0.157,1.65698,in situ
1990,9,15,1990.7041,351.773,0.154,1.64999,in situ
1990,10,15,1990.7863,351.784,0.139,1.52899,in situ
1990,11,15,1990.8712,351.808,0.129,1.67099,in situ
1990,12,15,1990.9534,351.614,0.15,1.76199,in situ
1991,1,15,1991.0384,351.454,0.181,1.48599,in situ
1991,2,15,1991.1233,351.551,0.184,1.45502,in situ
1991,3,15,1991.2,351.705,0.115,1.55499,in situ
1991,4,15,1991.2849,351.879,0.155,2.14902,in situ
1991,5,15,1991.3671,352.283,0.174,1.879,in situ
1991,6,15,1991.4521,352.654,0.218,1.95099,in situ
1991,7,15,1991.5342,352.86,0.125,1.90298,in situ
1991,8,15,1991.6192,353.191,0.136,1.68802,in situ
1991,9,15,1991.7041,353.328,0.135,1.46301,in situ
1991,10,15,1991.786301,353.933,0.1627,1.479,flask
1991,11,15,1991.871233,353.687,0.1114,1.453,flask
1991,12,15,1991.953425,353.565,0.4486,1.51801,flask
1992,1,15,1992.038251,353.357,0.2083,1.83102,flask
1992,2,15,1992.122951,353.239,0.6107,1.69199,flask
1992,3,15,1992.202186,353.168,0.086,1.68201,flask
1992,4,15,1992.286885,353.358,0.1914,1.13699,flask
1992,5,15,1992.368852,353.736,0.1576,1.15997,flask
1992,6,15,1992.453552,354.172,0.2228,1.022,flask
1992,7,15,1992.535519,354.691,0.1846,0.907013,flask
1992,8,15,1992.620219,354.883,0.2297,0.949982,flask
1992,9,15,1992.704918,355.01,0.1907,1.237,flask
1992,10,15,1992.786885,355.07,0.1459,0.984985,flask
1992,11,15,1992.871585,354.847,0.1078,0.575012,flask
1992,12,15,1992.953552,354.587,0.2248,0.572998,flask
1993,1,15,1993.038356,354.264,0.1825,0.530975,flask
1993,2,15,1993.123288,354.189,0.1206,0.757996,flask
1993,3,15,1993.2,354.405,0.1234,0.852997,flask
1993,4,15,1993.284932,354.343,0.1857,0.839996,flask
1993,5,15,1993.367123,354.311,0.2046,0.961029,flask
1993,6,15,1993.452055,354.745,0.2452,0.897003,flask
1993,7,15,1993.534247,355.222,0.3411,0.871002,flask
1993,8,15,1993.619178,355.641,0.2372,0.933014,flask
1993,9,15,1993.70411,355.863,0.0996,1.02899,flask
1993,10,15,1993.786301,355.91,0.211,1.38202,flask
1993,11,15,1993.871233,355.808,0.2144,1.638,flask
1993,12,15,1993.953425,355.484,0.1164,1.466,flask
1994,1,15,1994.038356,355.135,0.0723,1.47702,flask
1994,2,15,1994.123288,355.122,0.349,1.62402,flask
1994,3,15,1994.2,355.434,0.3269,1.72198,flask
1994,4,15,1994.284932,355.725,0.1915,1.69598,flask
1994,5,15,1994.367123,355.949,0.23,1.68597,flask
1994,6,15,1994.452055,356.211,0.1995,1.97998,flask
1994,7,15,1994.534247,356.699,0.2714,2.41699,flask
1994,8,15,1994.619178,357.265,0.191,2.53699,flask
1994,9,15,1994.70411,357.585,0.1013,2.24301,flask
1994,10,15,1994.786301,357.606,0.152,1.92801,flask
1994,11,15,1994.871233,357.494,0.1174,1.97501,flask
1994,12,15,1994.953425,357.464,0.2186,2.11401,flask
1995,1,15,1995.038356,357.552,0.2122,1.91599,flask
1995,2,15,1995.123288,357.659,0.3402,1.68298,flask
1995,3,15,1995.2,357.677,0.1719,1.642,flask
1995,4,15,1995.284932,357.653,0.1482,1.73401,flask
1995,5,15,1995.367123,357.924,0.1966,1.91501,flask
1995,6,15,1995.452055,358.325,0.1794,2.20102,flask
1995,7,15,1995.534247,358.615,0.1719,2.01001,flask
1995,8,15,1995.619178,358.948,0.1715,1.55801,flask
1995,9,15,1995.70411,359.227,0.1863,1.52899,flask
1995,10,15,1995.786301,359.34,0.2115,1.60199,flask
1995,11,15,1995.871233,359.409,0.1585,1.517,flask
1995,12,15,1995.953425,359.665,0.1832,1.59998,flask
1996,1,15,1996.038251,359.562,0.2099,1.73401,flask
1996,2,15,1996.122951,359.217,0.1334,1.73801,flask
1996,3,15,1996.202186,359.206,0.2885,1.59302,flask
1996,4,15,1996.286885,359.255,0.1737,1.353,flask
1996,5,15,1996.368852,359.441,0.1436,1.133,flask
1996,6,15,1996.453552,359.925,0.2338,0.746002,flask
1996,7,15,1996.535519,360.349,0.1533,0.867981,flask
1996,8,15,1996.620219,360.686,0.1795,1.32999,flask
1996,9,15,1996.704918,360.82,0.1863,1.38202,flask
1996,10,15,1996.786885,360.693,0.1531,1.39801,flask
1996,11,15,1996.871585,360.542,0.2113,1.37598,flask
1996,12,15,1996.953552,360.411,0.1537,1.09702,flask
1997,1,15,1997.038356,360.43,0.2095,1.07101,flask
1997,2,15,1997.123288,360.547,0.2516,1.19501,flask
1997,3,15,1997.2,360.588,0.1832,1.32001,flask
1997,4,15,1997.284932,360.653,0.1602,1.58301,flask
1997,5,15,1997.367123,360.817,0.1779,1.70599,flask
1997,6,15,1997.452055,361.022,0.1489,1.77698,flask
1997,7,15,1997.534247,361.42,0.2512,1.73599,flask
1997,8,15,1997.619178,361.881,0.1762,1.759,flask
1997,9,15,1997.70411,362.14,0.1398,2.01398,flask
1997,10,15,1997.786301,362.276,0.1994,2.22998,flask
1997,11,15,1997.871233,362.248,0.181,2.431,flask
1997,12,15,1997.953425,362.188,0.1581,2.64999,flask
1998,1,15,1998.038356,362.166,0.1925,2.77197,flask
1998,2,15,1998.123288,362.306,0.1758,2.92999,flask
1998,3,15,1998.2,362.602,0.1662,3.04199,flask
1998,4,15,1998.284932,362.883,0.1247,2.92801,flask
1998,5,15,1998.367123,363.248,0.2124,2.82602,flask
1998,6,15,1998.452055,363.672,0.1792,2.80103,flask
1998,7,15,1998.534247,364.192,0.1974,2.96701,flask
1998,8,15,1998.619178,364.811,0.1769,2.879,flask
1998,9,15,1998.70411,365.182,0.2029,2.39401,flask
1998,10,15,1998.786301,365.204,0.1682,2.17502,flask
1998,11,15,1998.871233,365.074,0.1644,2.048,flask
1998,12,15,1998.953425,364.989,0.0806,1.77499,flask
1999,1,15,1999.038356,365.133,0.2092,1.54703,flask
1999,2,15,1999.123288,365.185,0.1735,1.36398,flask
1999,3,15,1999.2,364.996,0.1709,1.353,flask
1999,4,15,1999.284932,365.058,0.1697,1.48798,flask
1999,5,15,1999.367123,365.296,0.1629,1.55701,flask
1999,6,15,1999.452055,365.447,0.2415,1.64697,flask
1999,7,15,1999.534247,365.739,0.2417,1.556,flask
1999,8,15,1999.619178,366.175,0.2161,1.30899,flask
1999,9,15,1999.70411,366.535,0.1428,1.26498,flask
1999,10,15,1999.786301,366.692,0.2954,1.142,flask
1999,11,15,1999.871233,366.631,0.1826,1.12402,flask
1999,12,15,1999.953425,366.636,0.1249,1.42102,flask
2000,1,15,2000.038251,366.689,0.1787,1.53799,flask
2000,2,15,2000.122951,366.494,0.3051,1.34601,flask
2000,3,15,2000.202186,366.261,0.2028,1.20401,flask
2000,4,15,2000.286885,366.2,0.224,1.17502,flask
2000,5,15,2000.368852,366.42,0.1817,1.16498,flask
2000,6,15,2000.453552,366.868,0.1564,1.06403,flask
2000,7,15,2000.535519,367.277,0.1616,0.959991,flask
2000,8,15,2000.620219,367.521,0.1891,1.09802,flask
2000,9,15,2000.704918,367.739,0.2072,1.31802,flask
2000,10,15,2000.786885,367.867,0.0734,1.54898,flask
2000,11,15,2000.871585,367.796,0.0526,1.56097,flask
2000,12,15,2000.953552,367.7,0.1343,1.35699,flask
2001,1,15,2001.038356,367.649,0.144,1.36301,flask
2001,2,15,2001.123288,367.592,0.0372,1.66699,flask
2001,3,15,2001.2,367.579,0.139,1.94897,flask
2001,4,15,2001.284932,367.749,0.1794,1.92599,flask
2001,5,15,2001.367123,367.981,0.1934,1.75,flask
2001,6,15,2001.452055,368.225,0.2252,1.69,flask
2001,7,15,2001.534247,368.64,0.1714,1.82001,flask
2001,8,15,2001.619178,369.188,0.266,1.94,flask
2001,9,15,2001.70411,369.688,0.2504,2.00598,flask
2001,10,15,2001.786301,369.793,0.2207,2.00302,flask
2001,11,15,2001.871233,369.546,0.2336,2.02002,flask
2001,12,15,2001.953425,369.39,0.2059,2.23898,flask
2002,1,15,2002.038356,369.469,0.229,2.40097,flask
2002,2,15,2002.123288,369.532,0.1661,2.34402,flask
2002,3,15,2002.2,369.585,0.148,2.18201,flask
2002,4,15,2002.284932,369.752,0.0838,2.216,flask
2002,5,15,2002.367123,370.001,0.152,2.34802,flask
2002,6,15,2002.452055,370.464,0.2055,2.31097,flask
2002,7,15,2002.534247,371.041,0.2214,2.20599,flask
2002,8,15,2002.619178,371.532,0.2032,2.22198,flask
2002,9,15,2002.70411,371.87,0.1428,2.367,flask
2002,10,15,2002.786301,372.009,0.092,2.48599,flask
2002,11,15,2002.871233,371.894,0.1114,2.52499,flask
2002,12,15,2002.953425,371.701,0.2226,2.40402,flask
2003,1,15,2003.038356,371.675,0.056,2.29202,flask
2003,2,15,2003.123288,371.754,0.101,2.336,flask
2003,3,15,2003.2,371.952,0.1421,2.29199,flask
2003,4,15,2003.284932,372.238,0.2829,2.08099,flask
2003,5,15,2003.367123,372.526,0.1043,1.97897,flask
2003,6,15,2003.452055,372.868,0.2569,1.98801,flask
2003,7,15,2003.534247,373.333,0.1708,1.987,flask
2003,8,15,2003.619178,373.868,0.1586,2.039,flask
2003,9,15,2003.70411,374.162,0.1712,1.92599,flask
2003,10,15,2003.786301,374.09,0.1169,1.78,flask
2003,11,15,2003.871233,373.873,0.1412,1.87799,flask
2003,12,15,2003.953425,373.689,0.1074,2.01498,flask
2004,1,15,2004.038251,373.662,0.2714,1.95499,flask
2004,2,15,2004.122951,373.793,0.2733,1.75998,flask
2004,3,15,2004.202186,373.878,0.0759,1.61902,flask
2004,4,15,2004.286885,374.018,0.1872,1.71802,flask
2004,5,15,2004.368852,374.404,0.2435,1.92603,flask
2004,6,15,2004.453552,374.883,0.1927,1.927,flask
2004,7,15,2004.535519,375.288,0.1702,1.80502,flask
2004,8,15,2004.620219,375.628,0.1357,1.71799,flask
2004,9,15,2004.704918,375.781,0.118,1.659,flask
2004,10,15,2004.786885,375.808,0.1508,1.65799,flask
2004,11,15,2004.871585,375.799,0.1416,1.87302,flask
2004,12,15,2004.953552,375.616,0.1014,2.151,flask
2005,1,15,2005.038356,375.467,0.2615,2.11801,flask
2005,2,15,2005.123288,375.511,0.0994,2.061,flask
2005,3,15,2005.2,375.537,0.1753,2.18201,flask
2005,4,15,2005.284932,375.676,0.0992,2.23499,flask
2005,5,15,2005.367123,376.277,0.3357,2.18698,flask
2005,6,15,2005.452055,377.034,0.3044,2.254,flask
2005,7,15,2005.534247,377.406,0.2712,2.495,flask
2005,8,15,2005.619178,377.689,0.1192,2.582,flask
2005,9,15,2005.70411,377.963,0.0512,2.56702,flask
2005,10,15,2005.786301,378.043,0.1045,2.492,flask
2005,11,15,2005.871233,377.986,0.0368,2.013,flask
2005,12,15,2005.953425,377.87,0.0742,1.487,flask
2006,1,15,2006.038356,377.962,0.2366,1.51099,flask
2006,2,15,2006.123288,378.093,0.206,1.67902,flask
2006,3,15,2006.2,378.104,0.1071,1.625,flask
2006,4,15,2006.284932,378.168,0.2054,1.479,flask
2006,5,15,2006.367123,378.29,0.1141,1.492,flask
2006,6,15,2006.452055,378.521,0.0959,1.67902,flask
2006,7,15,2006.534247,378.917,0.1849,1.51801,flask
2006,8,15,2006.619178,379.368,0.141,1.354,flask
2006,9,15,2006.70411,379.588,0.0876,1.44699,flask
2006,10,15,2006.786301,379.522,0.1368,1.58499,flask
2006,11,15,2006.871233,379.478,0.2463,1.83499,flask
2006,12,15,2006.953425,379.549,0.1133,1.98901,flask
2007,1,15,2007.038356,379.48,0.1792,2.10202,flask
2007,2,15,2007.123288,379.447,0.0657,2.06699,flask
2007,3,15,2007.2,379.551,0.1565,2.05399,flask
2007,4,15,2007.284932,379.753,0.0897,2.25101,flask
2007,5,15,2007.367123,380.125,0.1603,2.271,flask
2007,6,15,2007.452055,380.51,0.1512,2.15198,flask
2007,7,15,2007.534247,381.019,0.1772,2.28799,flask
2007,8,15,2007.619178,381.435,0.1033,2.39902,flask
2007,9,15,2007.70411,381.642,0.3885,2.297,flask
2007,10,15,2007.786301,381.773,0.1519,2.19302,flask
2007,11,15,2007.871233,381.749,0.1276,2.08899,flask
2007,12,15,2007.953425,381.701,0.2185,2.202,flask
2008,1,15,2008.038251,381.768,0.0739,2.04099,flask
2008,2,15,2008.122951,381.846,0.1896,1.98599,flask
2008,3,15,2008.202186,381.848,0.0814,2.17902,flask
2008,4,15,2008.286885,381.946,0.2099,2.00998,flask
2008,5,15,2008.368852,382.214,0.1455,1.88,flask
2008,6,15,2008.453552,382.712,0.2011,2.00201,flask
2008,7,15,2008.535519,383.06,0.105,2.181,flask
2008,8,15,2008.620219,383.421,0.2623,2.06598,flask
2008,9,15,2008.704918,383.821,0.1522,1.73199,flask
2008,10,15,2008.786885,383.783,0.145,1.53998,flask
2008,11,15,2008.871585,383.629,0.2606,1.49902,flask
2008,12,15,2008.953552,383.703,0.1382,1.28799,flask
2009,1,15,2009.038356,383.949,0.1578,1.34302,flask
2009,2,15,2009.123288,383.912,0.078,1.44702,flask
2009,3,15,2009.2,383.58,0.2211,1.26797,flask
2009,4,15,2009.284932,383.486,0.0977,1.431,flask
2009,5,15,2009.367123,383.713,0.1461,1.56,flask
2009,6,15,2009.452055,384,0.1985,1.39999,flask
2009,7,15,2009.534247,384.403,0.1833,1.12399,flask
2009,8,15,2009.619178,384.868,0.111,0.903015,flask
2009,9,15,2009.70411,385.089,0.1673,1.134,flask
2009,10,15,2009.786301,385.214,0.0782,1.52802,flask
2009,11,15,2009.871233,385.189,0.1592,1.68399,flask
2009,12,15,2009.953425,385.103,0.2048,1.89801,flask
2010,1,15,2010.038356,385.073,0.1749,2.16199,flask
2010,2,15,2010.123288,384.815,0.1487,2.33899,flask
2010,3,15,2010.2,384.714,0.0703,2.46301,flask
2010,4,15,2010.284932,385.014,0.1468,2.33701,flask
2010,5,15,2010.367123,385.397,0.1417,2.211,flask
2010,6,15,2010.452055,385.898,0.2113,2.05099,flask
2010,7,15,2010.534247,386.565,0.3427,1.939,flask
2010,8,15,2010.619178,387.207,0.1712,2.26901,flask
2010,9,15,2010.70411,387.552,0.1473,2.42102,flask
2010,10,15,2010.786301,387.551,0.1171,2.134,flask
2010,11,15,2010.871233,387.4,0.1843,1.99799,flask
2010,12,15,2010.953425,387.154,0.1309,1.92398,flask
2011,1,15,2011.038356,387.012,0.1284,1.62698,flask
2011,2,15,2011.123288,387.084,0.1814,1.42001,flask
2011,3,15,2011.2,387.135,0.1706,1.564,flask
2011,4,15,2011.284932,387.148,0.0266,1.702,flask
2011,5,15,2011.367123,387.395,0.1284,1.66101,flask
2011,6,15,2011.452055,387.822,0.1184,1.77402,flask
2011,7,15,2011.534247,388.192,0.1155,1.797,flask
2011,8,15,2011.619178,388.627,0.1609,1.694,flask
2011,9,15,2011.70411,389.116,0.1791,1.67499,flask
2011,10,15,2011.786301,389.253,0.1631,1.83798,flask
2011,11,15,2011.871233,389.061,0.098,1.87802,flask
2011,12,15,2011.953425,388.928,0.0615,1.87402,flask
2012,1,15,2012.038251,388.809,0.0691,2.17102,flask
2012,2,15,2012.122951,388.778,0.1418,2.40598,flask
2012,3,15,2012.202186,388.81,0.1294,2.34201,flask
2012,4,15,2012.286885,388.986,0.0923,2.245,flask
2012,5,15,2012.368852,389.273,0.1136,2.237,flask
2012,6,15,2012.453552,389.696,0.2138,2.28699,flask
2012,7,15,2012.535519,390.363,0.2247,2.34802,flask
2012,8,15,2012.620219,391.033,0.1997,2.57898,flask
2012,9,15,2012.704918,391.458,0.1098,2.86301,flask
2012,10,15,2012.786885,391.498,0.0775,3.03101,flask
2012,11,15,2012.871585,391.298,0.1817,3.069,flask
2012,12,15,2012.953552,391.215,0.0638,2.98297,flask
2013,1,15,2013.03836,391.157,0.15,2.88498,in situ
2013,2,15,2013.12329,391.357,0.214,2.70502,in situ
2013,3,15,2013.2,391.673,0.198,2.47998,in situ
2013,4,15,2013.28493,392.017,0.172,2.505,in situ
2013,5,15,2013.36712,392.342,0.151,2.66101,in situ
2013,6,15,2013.45205,392.679,0.188,2.561,in situ
2013,7,15,2013.53425,393.248,0.228,2.46597,in situ
2013,8,15,2013.61918,393.738,0.117,2.311,in situ
2013,9,15,2013.70411,393.938,0.114,2.16199,in situ
2013,10,15,2013.7863,394.003,0.1,2.004,in situ
2013,11,15,2013.87123,393.959,0.112,1.87,in situ
2013,12,15,2013.95342,393.776,0.17,1.92902,in situ
2014,1,15,2014.03836,393.623,0.155,1.89902,in situ
2014,2,15,2014.12329,393.668,0.183,1.87698,in situ
2014,3,15,2014.2,393.835,0.166,1.91302,in situ
2014,4,15,2014.28493,394.021,0.099,1.85101,in situ
2014,5,15,2014.36712,394.212,0.11,1.85498,in situ
2014,6,15,2014.45205,394.608,0.181,1.96701,in situ
2014,7,15,2014.53425,395.147,0.205,2.15402,in situ
2014,8,15,2014.61918,395.615,0.147,2.25,in situ
2014,9,15,2014.70411,395.851,0.128,2.20102,in situ
2014,10,15,2014.7863,395.854,0.143,2.32599,in situ
2014,11,15,2014.87123,395.814,0.095,2.57098,in situ
2014,12,15,2014.95342,395.743,0.165,2.491,in situ
2015,1,15,2015.03836,395.777,0.176,2.44299,in situ
2015,2,15,2015.12329,395.918,0.178,2.564,in situ
2015,3,15,2015.2,396.036,0.139,2.51797,in situ
2015,4,15,2015.28493,396.347,0.164,2.56699,in situ
2015,5,15,2015.36712,396.783,0.15,2.73401,in situ
2015,6,15,2015.45205,397.099,0.182,2.836,in situ
2015,7,15,2015.53425,397.59,0.215,2.92099,in situ
2015,8,15,2015.61918,398.179,0.159,3.065,in situ
2015,9,15,2015.70411,398.369,0.164,3.19498,in situ
2015,10,15,2015.7863,398.421,0.134,3.23502,in situ
2015,11,15,2015.87123,398.548,0.133,3.30502,in situ
2015,12,15,2015.95342,398.579,0.102,3.53201,in situ
2016,1,15,2016.03825,398.698,0.162,3.565,in situ
2016,2,15,2016.12295,398.983,0.197,3.27902,in situ
2016,3,15,2016.20219,399.231,0.212,3.237,in situ
2016,4,15,2016.28689,399.582,0.226,3.22302,in situ
2016,5,15,2016.36885,400.088,0.183,2.832,in situ
2016,6,15,2016.45355,400.631,0.207,2.59998,in situ
2016,7,15,2016.53552,401.155,0.198,2.46301,in situ
2016,8,15,2016.62022,401.458,0.113,2.17001,in situ
2016,9,15,2016.70492,401.606,0.135,2.02301,in situ
2016,10,15,2016.78689,401.644,0.121,1.931,in situ
2016,11,15,2016.87158,401.38,0.155,1.66199,in situ
2016,12,15,2016.95355,401.179,0.149,1.41998,in situ
2017,1,15,2017.03836,401.161,0.157,1.53,in situ
2017,2,15,2017.12329,401.153,0.164,1.78699,in situ
2017,3,15,2017.2,401.254,0.108,1.849,in situ
2017,4,15,2017.28493,401.513,0.143,1.94098,in situ
2017,5,15,2017.36712,401.75,0.122,2.31299,in situ
2017,6,15,2017.45205,402.051,0.192,2.52002,in situ
2017,7,15,2017.53425,402.685,0.238,2.58899,in situ
2017,8,15,2017.61918,403.245,0.133,2.66199,in situ
2017,9,15,2017.70411,403.455,0.09,2.646,in situ
2017,10,15,2017.7863,403.585,0.154,2.64899,in situ
2017,11,15,2017.87123,403.693,0.103,2.65399,in situ
2017,12,15,2017.95342,403.699,0.174,2.625,in situ
2018,1,15,2018.03836,403.75,0.178,2.495,in situ
2018,2,15,2018.12329,403.815,0.158,2.40601,in situ
2018,3,15,2018.2,403.9,0.139,2.40601,in situ
2018,4,15,2018.28493,404.162,0.176,2.32602,in situ
2018,5,15,2018.36712,404.404,0.134,2.14301,in situ
2018,6,15,2018.45205,404.676,0.162,2.06198,in situ
2018,7,15,2018.53425,405.18,0.213,1.98999,in situ
2018,8,15,2018.61918,405.651,0.134,1.85699,in situ
2018,9,15,2018.70411,405.861,0.099,1.90201,in situ
2018,10,15,2018.7863,405.911,0.158,2.04901,in situ
2018,11,15,2018.87123,405.836,0.159,2.30801,in situ
2018,12,15,2018.95342,405.761,0.136,2.56601,in situ
2019,1,15,2019.03836,405.74,0.178,2.66,in situ
2019,2,15,2019.12329,405.672,0.137,2.69299,in situ
2019,3,15,2019.2,405.802,0.188,2.724,in situ
2019,4,15,2019.28493,406.211,0.169,2.82498,in situ
2019,5,15,2019.36712,406.712,0.209,2.93301,in situ
2019,6,15,2019.45205,407.242,0.214,2.77402,in situ
2019,7,15,2019.53425,407.84,0.209,2.52902,in situ
2019,8,15,2019.61918,408.344,0.159,2.66501,in situ
2019,9,15,2019.70411,408.585,0.131,2.78,in situ
2019,10,15,2019.7863,408.736,0.106,2.60199,in situ
2019,11,15,2019.87123,408.769,0.115,2.366,in situ
2019,12,15,2019.95342,408.535,0.172,2.263,in situ
2020,1,15,2020.03825,408.269,0.183,2.189,in situ
2020,2,15,2020.12295,408.337,0.158,2.133,in situ
2020,3,15,2020.20219,408.582,0.178,2.18402,in situ
2020,4,15,2020.28689,408.813,0.131,2.134,in situ
2020,5,15,2020.36885,409.078,0.133,1.996,in situ
2020,6,15,2020.45355,409.505,0.178,2.07001,in situ
2020,7,15,2020.53552,410.029,0.199,2.28,in situ
2020,8,15,2020.62022,410.477,0.155,2.23999,in situ
2020,9,15,2020.70492,410.769,0.11,2.14499,in situ
2020,10,15,2020.78689,410.87,0.126,2.035,in situ
2020,11,15,2020.87158,410.765,0.144,1.93701,in situ
2020,12,15,2020.95355,410.605,0.152,1.89099,in situ
2021,1,15,2021.03836,410.549,0.159,NaN,in situ
2021,2,15,2021.12329,410.577,0.143,NaN,in situ
2021,3,15,2021.2,410.727,0.19,NaN,in situ
2021,4,15,2021.28493,410.848,0.105,NaN,in situ
2021,5,15,2021.36712,411.015,0.143,NaN,in situ
2021,6,15,2021.45205,411.396,0.193,NaN,in situ
 ,,,,,,,
 ,,,,,,,
Terms of Use,,,,,,,
,,,,,,,
1. Terminology ,,,,,,,
‘Content’ means the content of the site [http://www.csiro.au/greenhouse-gases] including ,,,,,,,
"but not limited to, data, information, databases, images and material.",,,,,,,
,,,,,,,
"‘you/user’ means you as a website user, or Content/data user.",,,,,,,
,,,,,,,
2. Using Content ,,,,,,,
"CSIRO reserves the right to make corrections, revisions, updates and improvements to any ",,,,,,,
Content on this site but is under no obligation to do so.,,,,,,,
,,,,,,,
"Without limiting the foregoing, the most recent year of data is provided in this site on",,,,,,,
a provisional basis only and may be subject to further revision.,,,,,,,
,,,,,,,
"If you use or download Content from this site, you acknowledge that such Content:",,,,,,,
    - may contain statements based on scientific research and comprises data collected by ,,,,,,,
      CSIRO and third parties; ,,,,,,,
"    - is not professional, scientific, medical, technical or expert advice and is subject ",,,,,,,
      to the usual uncertainties of advanced scientific and technical research; ,,,,,,,
    - should not be relied upon as the basis for doing or failing to do something. ,,,,,,,
,,,,,,,
References or links to third party data are provided for information and convenience only ,,,,,,,
and do not mean that CSIRO endorses or approves that data.,,,,,,,
,,,,,,,
"Any use of the Content must acknowledge the source of the Information as CSIRO Oceans & """,,,,,,,
Atmosphere and the Australian Bureau of Meteorology (Cape Grim Baseline Air ,,,,,,,
"Pollution Station) and include a statement that CSIRO and the Australian Bureau of """,,,,,,,
"Meteorology give no warranty regarding the accuracy, completeness, currency or suitability ",,,,,,,
for any particular purpose and accept no liability in respect of data.,,,,,,,
,,,,,,,
The Content on this site must not be distributed or disseminated to third parties without ,,,,,,,
the attachment of the Terms of Use.,,,,,,,
,,,,,,,
3. Grant of licence ,,,,,,,
"CSIRO grants you a royalty-free, non-exclusive, non-transferable licence to use, reproduce, ",,,,,,,
adapt or communicate the Content on this site for any purpose other than a commercial ,,,,,,,
"purpose. For the purposes of this licence, commercial purpose"" means to sell", hire," """,,,,,
"exchange or otherwise exploit the Content (whether in its original or adapted form, or ",,,,,,,
incorporated in products or services) for profit or gain.,,,,,,,
,,,,,,,
The rights granted under this licence are personal to the user and are not sub-licensable ,,,,,,,
or capable of assignment.,,,,,,,
,,,,,,,
4. Disclaimer ,,,,,,,
If you use or download any Content from this site you accept all risks and responsibility ,,,,,,,
"for losses, damages, costs and other consequences resulting directly or indirectly from ",,,,,,,
using the Content.,,,,,,,
,,,,,,,
"To the maximum extent permitted by law, CSIRO excludes any and all liability to any person ",,,,,,,
"for any consequences, including but not limited to all losses, damages, costs, expenses and",,,,,,,
"any other compensation, arising directly or indirectly from using the Content.",,,,,,,
,,,,,,,
"Every effort has been made to ensure the accuracy of the Content on this site, however ",,,,,,,
"CSIRO does not warrant the accuracy and reliability of the Content and, to the extent ",,,,,,,
"permitted by law, does not guarantee or make any express or implied representation regarding ",,,,,,,
"the accuracy, reliability, correctness, fitness for use for any purpose whatsoever of the ",,,,,,,
Content. Any use and/or interpretation of the Content is done so entirely at the user’s own risk.,,,,,,,
,,,,,,,
5. Whole agreement ,,,,,,,
Use of this site is subject also to CSIRO’s Legal Notice and Disclaimer ,,,,,,,
(http://www.csiro.au/org/LegalNoticeAndDisclaimer.html). By using this site and the Content ,,,,,,,
"available on and through it, you are agreeing to be bound by these Terms of Use and the ",,,,,,,
"Legal Notice and Disclaimer. If there is any conflict then these Terns of Use will prevail, ",,,,,,,
but only to the extent that it applies to the particular Content and to the extent ,,,,,,,
necessary to resolve any conflict.,,,,,,,
,,,,,,,
"CSIRO may change these Terms of Use at any time without giving you notice, so please check ",,,,,,,
them each time you visit the site (http://www.csiro.au/greenhouse-gases).,,,,,,,
